"idx","us","br","gb"
"2001-01-01",0.34691708682440714,0.5421239027163987,0.439929953617171
"2001-01-02",0.8645388925200443,0.7845887704336125,0.5530131144803805
"2001-01-03",1.0769112204266973,1.6167927240668665,0.8878340529932869
"2001-01-04",1.2248861298885412,2.547568683214151,1.6931588970480376
"2001-01-05",1.869482807114402,3.1132594032281786,2.5418555704053003
"2001-01-06",2.7864082505035968,3.730715278956618,3.1353593481056405
"2001-01-07",3.477107086749063,4.008755665714144,3.564143141994696
"2001-01-08",4.382898732455104,4.520289257258575,4.014446736501741
"2001-01-09",4.543007694939935,4.64456033021604,5.0108155023763095
"2001-01-10",5.442992655569014,4.966259753840763,5.97507783486495
"2001-01-11",6.0652618899275605,5.9251016003539645,6.404050396351668
"2001-01-12",6.494341468280546,6.352859433519173,6.494761238065804
"2001-01-13",7.165279351702112,7.062530561882883,7.141173989978313
"2001-01-14",7.628091838255191,7.793575504632214,7.467301513696555
"2001-01-15",7.739229410419104,8.358933222719932,7.855450909657599
"2001-01-16",8.29384537145334,8.410044042171112,8.06685337239421
"2001-01-17",8.362800402970706,9.119453358780257,8.200671033665444
"2001-01-18",9.274494776230004,9.321306670629784,8.539134543707299
"2001-01-19",9.419273694387703,9.992776956883498,8.709906128550227
"2001-01-20",10.06711204916483,10.970622946891455,9.670726111387633
"2001-01-21",10.515211249509905,11.484163262271707,10.64323293769873
"2001-01-22",10.663967856182822,11.716774200111924,10.66044330919328
"2001-01-23",11.030843914374321,11.761925772325899,11.156747104518674
"2001-01-24",11.208347347146795,11.818165181432454,11.971404511922694
"2001-01-25",11.872116553614623,12.779928030615457,12.857258798697819
"2001-01-26",12.815196464603806,12.98009822874658,13.694319124390365
"2001-01-27",12.893375080795243,13.65601514852556,14.674685345498485
"2001-01-28",12.974823030891702,14.225814669438876,15.300545591386536
"2001-01-29",13.417697111700843,14.229730557378247,15.762487575914706
"2001-01-30",14.147799673660876,15.010710139648953,15.968597560059944
"2001-01-31",14.67503584214312,16.00239833411976,16.351713487181147
"2001-02-01",15.428959501435703,16.561693848646243,17.268541609396337
"2001-02-02",15.495035757531289,17.0597615172565,18.173572179683834
"2001-02-03",15.740356832935376,17.187742961809978,19.01815245601421
"2001-02-04",16.16715893632798,17.935835742007995,19.944337366020726
"2001-02-05",17.11358542483221,18.301153134439815,19.9576740617704
"2001-02-06",17.488580100491436,18.83855220901938,20.35128415904364
"2001-02-07",18.289198189868006,19.482179533817433,21.137828251696497
"2001-02-08",18.708087209557675,19.513368403336813,21.724666707700685
"2001-02-09",18.83074955491729,20.399910185969432,22.53961111747297
"2001-02-10",19.5391392240076,21.321615497154415,22.92154120655188
"2001-02-11",19.698052914924514,21.535323492851013,23.31062151325615
"2001-02-12",20.689488687435492,22.50389198638756,23.5121693369437
"2001-02-13",21.461506061532788,23.345491368495527,23.590355063997702
"2001-02-14",21.64505192228968,24.153185160479545,23.894703024144462
"2001-02-15",22.369460213304123,24.628853353843898,24.520756236839155
"2001-02-16",23.34080502633174,25.221268962895504,25.13445247712564
"2001-02-17",24.055531636976383,25.339054422459352,25.280506266289084
"2001-02-18",24.0894816160611,26.141860282077044,26.21052070770842
"2001-02-19",24.871583454545,26.252988223401513,26.5372688653752
"2001-02-20",25.35137637732298,27.067068885982874,27.516215809578743
"2001-02-21",25.839507623038575,27.966894151083896,28.317506580976417
"2001-02-22",26.82255503593423,28.287864482694083,28.529375754092385
"2001-02-23",27.588774652164265,29.258309321583077,28.98632771696199
"2001-02-24",27.67483425933914,29.32102540955396,29.034503535842845
"2001-02-25",28.232691895306523,29.41955305158043,29.999329541076023
"2001-02-26",28.575114023117653,29.508448107510212,30.81259179516433
"2001-02-27",28.97587746171049,29.99848192013371,31.272892459414695
"2001-02-28",29.866209229580072,30.78357365541075,31.435850778602905
"2001-03-01",30.059654572185224,31.631553406308935,31.852126595307098
"2001-03-02",30.20869743231586,31.762539824681358,31.955358245835605
"2001-03-03",30.804642118311705,32.6006028448283,31.955453955687076
"2001-03-04",30.952519584980266,33.09138519449881,32.0437715455299
"2001-03-05",31.551361581125875,33.36381857723292,32.497733902007866
"2001-03-06",32.31238623347184,34.344151845892746,32.51327836346893
"2001-03-07",32.3307631046906,34.75021128915048,33.42517962523568
"2001-03-08",32.48047181506944,35.66796390631083,33.95659936016873
"2001-03-09",32.8776770680157,36.48621630617268,34.01083737193955
"2001-03-10",33.113426364599405,36.88307626219883,34.993053309458936
"2001-03-11",33.50502366127989,37.057327406313654,35.800001668457426
"2001-03-12",34.39477946599445,37.89319221804589,36.236308396628395
"2001-03-13",34.4285460306517,38.68446020327281,36.81414445671037
"2001-03-14",35.272219568159535,39.02232150960454,37.37014080612259
"2001-03-15",36.04417418092865,39.46295474005767,37.68296729126994
"2001-03-16",36.153560382480414,39.7564363484925,38.18229556227358
"2001-03-17",36.31477261075623,39.93452617520292,38.58750876017019
"2001-03-18",36.81454089628097,40.61761906567826,39.3973455724279
"2001-03-19",37.363531018585796,40.670338613846376,40.042592480880266
"2001-03-20",38.034366601756474,40.92826899309663,40.78598321807274
"2001-03-21",38.286236960653675,41.7069881327839,41.04767230617751
"2001-03-22",38.32003747364639,42.1341437854121,41.389549414774365
"2001-03-23",38.688288072155984,42.35127381751081,41.55771191374265
"2001-03-24",39.21292818982645,43.317662514157114,41.992089736682104
"2001-03-25",39.80708482442134,43.45457712511564,42.52678297770339
"2001-03-26",40.164875944384114,44.17611002252274,42.861888503071
"2001-03-27",40.567458811500046,44.28913183087724,42.87456306548811
"2001-03-28",40.8271204683417,45.28569723811848,43.7485418378046
"2001-03-29",40.97199395589311,45.97356309228666,43.8064351560343
"2001-03-30",41.06274342760154,46.90057383633412,44.045963485667045
"2001-03-31",41.419237700549964,47.77170219973507,44.11879056833067
"2001-04-01",41.78301925683014,48.71959849909425,44.803472123878954
"2001-04-02",42.615335317194315,49.411263937307204,45.2554058530195
"2001-04-03",43.38104016921326,49.72864294530786,45.66526661749562
"2001-04-04",44.21443463129556,49.86725440452438,46.01267273231169
"2001-04-05",44.40522347644346,50.30568857852032,46.22503077200598
"2001-04-06",44.79139588047221,51.00543101268706,46.93055060402538
"2001-04-07",45.6557121364877,51.20596277518639,47.84202284719428
"2001-04-08",46.234284838363905,51.52329862755655,48.4614542713581
"2001-04-09",46.543958543394886,52.47435445257917,48.72608976083244
"2001-04-10",46.864314029153014,53.14711890023055,48.887346834479864
"2001-04-11",47.66917427444688,53.59200962148378,48.92928918815399
"2001-04-12",48.54583161916928,54.27472699516628,49.18257066735716
"2001-04-13",48.71652204464996,54.56152926085897,49.59225179981566
"2001-04-14",48.76385315027926,54.9715742076766,49.717801286414144
"2001-04-15",49.143565125036716,55.749019157104655,50.66597103810062
"2001-04-16",49.880718188502215,56.50173701720794,51.62980718348603
"2001-04-17",50.580588907092036,56.519924860240664,51.85453044503507
"2001-04-18",51.30741269084337,56.58744061794131,52.193108486392475
"2001-04-19",51.75950858016369,57.11293661919221,53.00949586023492
"2001-04-20",52.362625279415504,57.28154737149563,53.52240663001254
"2001-04-21",52.69302124813168,57.63239998064016,53.69877636503258
"2001-04-22",53.33732174631198,58.04581160518169,53.74500176559912
"2001-04-23",53.53780863349722,58.55324843964305,54.485768957140195
"2001-04-24",53.590252003398035,58.57207438405042,55.02996681106012
"2001-04-25",54.36032299349049,59.35296413601442,55.26648860160131
"2001-04-26",54.86580096705168,59.80807786099504,56.204390773400235
"2001-04-27",55.1204214021063,60.14243861567861,56.907968531210656
"2001-04-28",55.770112847819924,60.28159704016402,57.79860048541686
"2001-04-29",56.164248352149166,61.22950837154153,57.836356304451684
"2001-04-30",57.13127180459411,61.68431881645221,58.00517745584759
"2001-05-01",57.48832737114785,62.20233300297767,58.85832893669772
"2001-05-02",58.4483000599948,62.686160265637355,59.53605476697353
"2001-05-03",59.38248380832665,62.89864555053933,60.33664633448021
"2001-05-04",60.11117972669602,63.75996314513634,61.06538045560577
"2001-05-05",60.3521678480675,64.02887043281338,61.425558026014464
"2001-05-06",60.90460139461281,64.94018830214182,62.39581782053753
"2001-05-07",61.07884023581223,65.90969666662843,62.41640026666335
"2001-05-08",61.81387192971459,66.64677965262186,62.651909614397496
"2001-05-09",62.72955757286731,67.34400524053203,62.89465363536707
"2001-05-10",63.507654010213216,67.65999360026879,63.485358350221134
"2001-05-11",64.3659470703596,68.24094637377245,63.70166984001971
"2001-05-12",65.19808694260473,68.5985650058056,64.3436329890471
"2001-05-13",65.59031593141384,69.58518188155588,64.87786950715046
"2001-05-14",66.47631496281807,70.04128231780986,65.68823718783251
"2001-05-15",66.68387185892124,70.9433530360679,66.3464930897701
"2001-05-16",67.00494606711607,71.67218444780343,66.42082783064619
"2001-05-17",67.45427287234206,71.85286147241239,66.63523283626755
"2001-05-18",67.57219052931427,72.84383330113882,67.30591685453791
"2001-05-19",68.35709724996047,73.18695888657395,67.60582194514839
"2001-05-20",68.90270026846093,73.25834628696872,67.64348491175355
"2001-05-21",69.59404758004798,73.43997964061461,68.26489858498479
"2001-05-22",70.51503413605884,74.43258013495185,68.328753349889
"2001-05-23",71.28344404571058,75.0127319592636,68.60025985173039
"2001-05-24",71.60362296211389,75.73071481012005,69.06391318238767
"2001-05-25",71.84415580685072,76.04007944062354,69.82861917160655
"2001-05-26",72.4906742780109,76.77948034079553,69.93550017342567
"2001-05-27",72.78357258093794,77.67500563488515,70.86674325041932
"2001-05-28",73.27207290131919,78.14021091330946,71.28021703255227
"2001-05-29",73.4460895127701,78.19653702845369,72.08686344565099
"2001-05-30",73.81275360725029,78.86712941520223,72.43784258494559
"2001-05-31",74.28547758212011,79.6064595575013,73.36639337056056
"2001-06-01",74.29199781944484,79.82047583610604,73.4226416547136
"2001-06-02",74.30277309726804,80.62304342925853,73.90053589958231
"2001-06-03",74.91826495354248,80.64620328024753,74.83525576532605
"2001-06-04",75.64736275551692,80.74237045097497,75.44218587845913
"2001-06-05",76.27136725784837,81.01856373125901,75.73603878372687
"2001-06-06",76.43675905028796,81.37329304065119,75.95395238090296
"2001-06-07",77.06795475114902,81.5029117356909,76.54241461960363
"2001-06-08",77.28895087556339,81.84360069564352,77.12634185952628
"2001-06-09",78.03014073074522,82.53282731262757,77.55827929172095
"2001-06-10",79.01550010974667,83.04067044344114,78.0680633931136
"2001-06-11",79.953638626606,83.2230017035416,78.10495787677061
"2001-06-12",80.7702379283843,83.9151793387624,78.5791946245323
"2001-06-13",81.14908350408378,84.01832932994066,78.96398290839726
"2001-06-14",81.77797291585755,84.27877167866552,79.35667379626737
"2001-06-15",82.23496654196177,84.6536148099102,79.99774256335583
"2001-06-16",82.90718769349914,84.79404553331099,80.33280402168394
"2001-06-17",83.04194861693179,85.34076882500001,80.49775268865326
"2001-06-18",83.83559554501899,86.23409293589458,81.2731347614741
"2001-06-19",84.2848791331825,87.02174997563507,81.65548315155297
"2001-06-20",84.55433481210947,87.28339391049896,81.99571306973513
"2001-06-21",85.18988699943768,87.63806247797166,82.19617896332836
"2001-06-22",85.43694636390873,88.03900558847052,82.66673160833697
"2001-06-23",85.61993369183281,88.9438350554801,83.29212235030863
"2001-06-24",85.99562544817141,89.4862406936352,83.84297839267711
"2001-06-25",86.9945720648161,90.34056906144644,83.94926255653961
"2001-06-26",87.20409787746497,90.72738281963765,84.80207643838027
"2001-06-27",87.5221618179357,91.53158637535057,85.1955598878238
"2001-06-28",87.68393357526335,92.33913962225803,86.15608121135061
"2001-06-29",88.35326139474962,92.81268576757188,87.15061382992323
"2001-06-30",89.28924582965446,93.74172945445402,87.35315222064476
"2001-07-01",90.11599810399494,94.70821672429484,88.08839844245547
"2001-07-02",90.58205835320784,95.3107696413234,88.57992537265822
"2001-07-03",90.79580487111157,96.21898537536406,88.7285804256806
"2001-07-04",91.7235974991541,96.75993557100011,89.2147038836871
"2001-07-05",91.95747013985527,97.63572660768166,90.0556350187905
"2001-07-06",92.24788639868933,98.47083388236246,90.19580067294241
"2001-07-07",92.75627074860634,98.87750223844735,90.34804513586239
"2001-07-08",93.50950715284104,99.20683779918963,91.07772689987328
"2001-07-09",93.80313189696993,99.38871409826454,91.56738772915266
"2001-07-10",94.4914654300772,99.89038124096318,92.0237148183905
"2001-07-11",94.51887359253612,99.92894597571816,92.85357820945484
"2001-07-12",94.55032478149677,100.4678918211881,93.2926111350104
"2001-07-13",94.72611654005345,101.3093944589396,93.78208397058427
"2001-07-14",95.35882833564153,101.31272859632854,94.26051186954233
"2001-07-15",96.28338309093958,101.31917379556917,94.35483037267905
"2001-07-16",97.25011133211235,101.45811711106585,94.87179541233517
"2001-07-17",97.25248369941028,102.37741853497037,95.39675111256606
"2001-07-18",97.30157972510743,102.82760472500273,95.44092256141909
"2001-07-19",97.31036835954609,103.58443720264003,95.63528868067738
"2001-07-20",97.7487867046126,103.6711130491659,96.230297183006
"2001-07-21",97.88195690845667,103.70392263291703,96.74620039385442
"2001-07-22",98.77361897513538,103.89399980889485,97.03628511037124
"2001-07-23",98.8942130776721,104.60156649312955,97.52240162060858
"2001-07-24",99.27226509201466,105.30815871577458,97.93142314072391
"2001-07-25",99.95610627955259,105.84547732831456,98.65142625772208
"2001-07-26",100.20175928179216,106.51195481540407,99.19426626784049
"2001-07-27",100.77520526340861,107.05339164133105,99.19961867610286
"2001-07-28",101.72609326423805,107.43702629839056,99.62116120517857
"2001-07-29",102.44309866971696,107.95962852786633,100.14578929005233
"2001-07-30",102.63628783392174,108.17160833306534,100.42406173464401
"2001-07-31",103.30690806032807,108.49574087493565,101.3289542977817
"2001-08-01",104.00460427584628,109.38418356255869,101.79395527370946
"2001-08-02",104.95991178287379,109.49937993846838,101.95033403020265
"2001-08-03",105.08139225111886,109.91884174885782,102.20050239990408
"2001-08-04",105.53813715294575,110.67611891254795,102.36683967286285
"2001-08-05",106.02646195487465,111.0032371672871,102.9265316468928
"2001-08-06",106.12778892573269,111.80738853374966,103.35741577480506
"2001-08-07",107.12752670237373,112.79475540761955,103.80213113717289
"2001-08-08",107.15128986465045,112.96447875498889,104.47590732473842
"2001-08-09",107.99067602614424,113.87786989557969,104.84111994727422
"2001-08-10",108.78125759352167,114.87389431638498,105.00847778301637
"2001-08-11",109.74723118320301,115.62672554861001,105.75800611391827
"2001-08-12",110.23074804927344,115.64447290326659,106.74833215338995
"2001-08-13",111.08261725578889,115.72264535598565,107.66490655942681
"2001-08-14",111.15160063445943,116.14670863938424,107.8381918520524
"2001-08-15",111.22188207256809,116.42713006673984,108.250487939721
"2001-08-16",111.46815371662234,116.61566090333272,108.67796426301284
"2001-08-17",111.99338193064801,116.70046627198512,109.36155421701449
"2001-08-18",112.58113297887986,116.78110774720551,109.59998272083082
"2001-08-19",112.64995961547753,117.27947304722335,109.9358895724888
"2001-08-20",113.0604681890708,117.62676779892863,109.99309368555333
"2001-08-21",113.3623492288509,118.31378418919978,110.07711135803717
"2001-08-22",114.09710839065121,118.7349464611161,110.97168707844031
"2001-08-23",114.74277467085685,118.92366336531609,111.41237932890789
"2001-08-24",115.56062810761668,119.32852600755203,112.04275494238513
"2001-08-25",115.89421982980328,119.63717189330148,112.2410504373442
"2001-08-26",116.6438897389295,120.34657105886039,112.78486159057725
"2001-08-27",116.73082568271376,120.98108837460886,113.19222902825146
"2001-08-28",117.69248199366145,121.00568555308925,113.36092539935294
"2001-08-29",117.73535112000046,121.3491985240475,113.71307619180348
"2001-08-30",117.80819958717997,122.05227730782339,114.42592709966503
"2001-08-31",118.1714783480736,123.0392639132316,114.83575137117683
"2001-09-01",118.9310555799441,123.22618474019124,115.57183362242064
"2001-09-02",119.57800441401928,123.54957752711815,116.0366624242058
"2001-09-03",120.36320675364509,124.06418258835127,116.91223427704345
"2001-09-04",120.95287374925933,124.28753464818281,117.40503162081929
"2001-09-05",121.92305846329351,124.56807881724238,118.16599139282987
"2001-09-06",122.62943406139665,124.95811510182106,118.80591019984813
"2001-09-07",122.68146668616883,125.49097207865123,119.32381645184583
"2001-09-08",123.48483336713201,126.34029352765253,119.55008778760993
"2001-09-09",124.28905546594794,126.63723094948236,120.12245213010286
"2001-09-10",124.90023362567455,127.59748976781684,120.29859677591466
"2001-09-11",125.4257804670336,127.74809742251811,120.56274082473196
"2001-09-12",126.17083987191295,128.45568013647363,121.41768676173638
"2001-09-13",127.03436190795794,129.30601147412946,122.20893439042698
"2001-09-14",127.40711055287912,130.29063387911305,123.08368582128526
"2001-09-15",128.0452030775867,130.49914028885217,123.09666986669774
"2001-09-16",129.0061125395187,130.67444868768942,123.92987477578201
"2001-09-17",129.61138982791988,130.75675358403717,124.09118478707323
"2001-09-18",130.21826811211503,130.8021963656661,124.13095343274689
"2001-09-19",130.28753397422602,131.77017934370775,124.88711685277639
"2001-09-20",131.01638337706794,132.61827173393314,125.4659408195439
"2001-09-21",131.83103530520378,133.41957129195308,125.99229372334841
"2001-09-22",132.39180738973093,134.1958924202829,126.75342426151758
"2001-09-23",133.3846292257469,135.1663522247839,126.94518128872971
"2001-09-24",133.5917884713468,135.36477896941844,127.62370411389966
"2001-09-25",134.03623861234428,135.88021660307535,127.80337113619193
"2001-09-26",134.64511070773295,136.4783762109378,128.78680294006585
"2001-09-27",135.54431659129668,137.28872703401345,129.77813962957754
"2001-09-28",135.9344088173809,138.21384816135637,130.64474566147146
"2001-09-29",136.66594802616157,138.30001909900267,130.93322067913934
"2001-09-30",137.2235683132999,138.76846356512831,131.20729368684687
"2001-10-01",137.57013176062932,139.18920937480627,131.6982632566582
"2001-10-02",137.58293769384295,139.25063462429947,132.24882137327927
"2001-10-03",138.06499040104146,139.30255303036336,132.64915276434712
"2001-10-04",138.7393759304418,139.42252533384834,132.955849127629
"2001-10-05",139.53838975368953,139.48243538417054,133.77561135729158
"2001-10-06",139.84166433372752,139.81610044478492,134.7100536635768
"2001-10-07",139.9162193420332,140.30083498323225,135.09050692431506
"2001-10-08",140.13626147456674,141.29705541456832,135.53893323384833
"2001-10-09",140.49060379812673,141.31688310404346,135.57913890203653
"2001-10-10",140.63905096549325,141.90197751830868,136.19099703730427
"2001-10-11",141.28076612927714,142.37508661008633,136.53707370249234
"2001-10-12",142.00823295176997,142.59322736454746,137.13230650810416
"2001-10-13",142.8812302357321,143.21796761591523,137.96330598874889
"2001-10-14",143.57895854267332,143.24776048465645,138.22025165065818
"2001-10-15",144.16464117727443,143.4343617637971,138.61039242605074
"2001-10-16",144.6843392241237,143.4718304358066,139.1153343710391
"2001-10-17",144.80377330085972,144.08464764617747,139.83560046010464
"2001-10-18",144.8279300819504,144.68104744565332,140.23372051914512
"2001-10-19",145.394737907918,144.76628879890563,140.27867675640914
"2001-10-20",145.39688452690737,145.68497529175866,140.29016809103814
"2001-10-21",145.66064311405194,146.0308128242231,140.67958448632368
"2001-10-22",145.91377230217864,146.21621796756975,141.40215546376777
"2001-10-23",146.8243702945344,146.8574425252448,141.71882638851474
"2001-10-24",147.52970972800927,147.74785549569043,142.40272775872685
"2001-10-25",147.57068859317306,148.5272872783637,142.9476161525086
"2001-10-26",147.60352179282108,149.07953149668535,143.52962911813174
"2001-10-27",148.36288680840713,149.27125759047047,144.1761974702663
"2001-10-28",148.72017978830115,149.3040938291185,144.44795697630502
"2001-10-29",149.05945472082374,149.79128566860706,144.90701154011336
"2001-10-30",149.85140659963218,150.64700830889842,145.8851012431431
"2001-10-31",149.91993890784704,151.3433831231463,146.72950725208537
"2001-11-01",150.89515321682296,151.92356385103815,146.96652534109748
"2001-11-02",151.45872180722972,152.92038140900368,146.98573961090062
"2001-11-03",152.44624994875596,153.76490193156414,147.0452659793676
"2001-11-04",152.75337394102243,154.43456477395324,147.35154893332435
"2001-11-05",153.39473160063605,155.06789399721336,147.9879391331666
"2001-11-06",153.5907584193022,155.50880122081583,148.17221075193106
"2001-11-07",153.7647397851669,156.33394320370655,148.63228858731645
"2001-11-08",154.5186656673161,157.06295403328315,149.46495260655544
"2001-11-09",154.595560643901,157.22533883701396,149.75870457441198
"2001-11-10",154.7729069677893,158.10297829693727,150.16016855802468
"2001-11-11",155.41388262919588,158.40771675081743,150.46650316322172
"2001-11-12",155.43802591087572,159.13283550986208,151.20189192771718
"2001-11-13",156.33865613133787,159.6756889697887,152.01504169492966
"2001-11-14",157.12768657246068,159.682203800199,152.26326991975841
"2001-11-15",157.79572142325875,160.58158426458706,152.90887242903005
"2001-11-16",158.5813730020944,160.83409689244877,153.12179234970014
"2001-11-17",159.16162143178227,160.9227575408559,153.9186864022336
"2001-11-18",159.48242991713937,161.12456490937228,154.3635151935716
"2001-11-19",160.18099097682156,161.35675874987152,154.7879190905742
"2001-11-20",160.4101828156994,161.4459505877964,155.71753932114433
"2001-11-21",161.26450445664352,161.74240548931684,155.92609024867323
"2001-11-22",162.17095439831343,162.1663213547273,156.30677416576393
"2001-11-23",162.17712010914815,162.288554043509,157.17004522969577
"2001-11-24",163.1654236179815,163.25111795862463,157.8240640180825
"2001-11-25",164.04850426222728,164.23937905009024,157.8336617326647
"2001-11-26",164.13688536642744,164.8666145591782,158.7037779942394
"2001-11-27",164.34058750815257,165.41731962863108,159.42630550359368
"2001-11-28",165.03000455758448,165.42081775486125,160.08887078418877
"2001-11-29",165.2152291453982,165.82882861247484,160.44670675469948
"2001-11-30",165.9937876587336,166.72007853093055,161.19566808209177
"2001-12-01",166.88670729098743,167.12940028672244,161.7761812684703
"2001-12-02",167.62482487530465,167.16097615753165,162.76992568277728
"2001-12-03",168.56190981910976,167.64444706865194,163.6546319351187
"2001-12-04",169.41742857977005,168.3155412053179,163.97822740567977
"2001-12-05",170.03850279043795,168.58302509545047,164.51802623502869
"2001-12-06",170.55607895101585,169.2719768923028,164.7370229811926
"2001-12-07",171.45464483619958,170.0579915883197,165.50472650626907
"2001-12-08",171.7353377230577,170.74986318676233,166.38794119473005
"2001-12-09",172.57989709737382,171.3526214903751,166.66226710542156
"2001-12-10",172.76877841491643,171.38490117121307,167.11298361293095
"2001-12-11",172.98579770653947,171.89708939739552,167.65119253392064
"2001-12-12",173.09480841434217,172.7891473518615,168.37138256427804
"2001-12-13",173.91808030034258,173.5994797171614,168.72619839826828
"2001-12-14",174.32333453988522,173.83244191583483,169.0837150443527
"2001-12-15",174.5735282732324,174.723739004312,170.00912364072704
"2001-12-16",175.2933027400442,174.7243511326567,170.64649871119232
"2001-12-17",175.61062522720295,175.57210095876644,171.0416329994278
"2001-12-18",175.8201242257385,176.39075600920125,171.228549460466
"2001-12-19",175.87162046562634,176.73339172710024,171.76207380787054
"2001-12-20",176.86608450950422,177.48453245723235,172.5533930519794
"2001-12-21",177.28369406745824,178.33447714134928,173.06196893476644
"2001-12-22",177.9636268617147,178.5977180879742,173.12915957615328
"2001-12-23",178.39501398142534,179.30822173238477,173.35665612687913
"2001-12-24",179.36627788236515,179.8335359944027,173.73189012969382
"2001-12-25",180.3633676417442,180.6128898931763,174.55385215029372
"2001-12-26",180.70700066499953,180.85912683755697,175.3247759886758
"2001-12-27",181.38906524312006,181.4993100384708,176.1935379134876
"2001-12-28",182.1284027958571,182.4144224930715,176.6304680715051
"2001-12-29",182.17339877110487,183.05335294575866,176.8540435032703
"2001-12-30",182.40059724533512,183.7666569849199,177.3536815692771
"2001-12-31",183.1352711751065,184.30178303547592,177.65228461542657
